ac_word(TAPPING)=0.0
ac_word(POURING)=0.511111111111
ac_word(PIPETING)=0.488888888889
