ac_word(PIPETING)=0.972222222222
ac_word(TAPPING)=0.0
ac_word(POURING)=0.0277777777778
