ac_word(TAPPING)=0.888888888889
ac_word(PIPETING)=0.0
ac_word(POURING)=0.111111111111
