ac_word(TAPPING)=0.0
ac_word(POURING)=0.993103448276
ac_word(PIPETING)=0.00689655172414
