ac_word(TAPPING)=0.0
ac_word(POURING)=0.655172413793
ac_word(PIPETING)=0.344827586207
