ac_word(POURING)=0.653846153846
ac_word(TAPPING)=0.0
ac_word(PIPETING)=0.346153846154
