ac_word(TAPPING)=0.0
ac_word(POURING)=0.588235294118
ac_word(PIPETING)=0.411764705882
