ac_word(POURING)=0.583333333333
ac_word(TAPPING)=0.0
ac_word(PIPETING)=0.416666666667
