ac_word(POURING)=0.516129032258
ac_word(TAPPING)=0.0
ac_word(PIPETING)=0.483870967742
