ac_word(POURING)=0.0909090909091
ac_word(TAPPING)=0.909090909091
ac_word(PIPETING)=0.0
