ac_word(TAPPING)=0.0
ac_word(PIPETING)=0.606060606061
ac_word(POURING)=0.393939393939
