ac_word(POURING)=0.733333333333
ac_word(TAPPING)=0.0
ac_word(PIPETING)=0.266666666667
