ac_word(POURING)=0.958333333333
ac_word(TAPPING)=0.0
ac_word(PIPETING)=0.0416666666667
