ac_word(POURING)=0.0
ac_word(TAPPING)=0.923076923077
ac_word(PIPETING)=0.0769230769231
