ac_word(POURING)=0.518518518519
ac_word(TAPPING)=0.0
ac_word(PIPETING)=0.481481481481
